000000000010001000000000000000
000000000001010000000000000000
000000000010101000000000000000
000000000001010000000000000000
000000000100001000000000000000
000000000000000000000000000000
000001000000100000000000000000
000000100001000000000000000000
000011100001110000000000000000
000000000000000000000000000000
000000000000000000000000000000
000000000000000000000000000000
000000000000000000000000000000
000000000000000000000000000000
000000000000000000000000000000
000000000000000000000000000000
000000000000000000000000000000
000000000000000000000000000000
000000000000000000000000000000
000000000000000000000000000000
000000000000000000000000000000
000000000000000000000000000000
000000000000000000000000000000
000000000000000000000000000000
000000000000000000000000000000
000000000100000100000000100000
000000000010000010000000010000
000000001110001110000001110000
000000000000000000000000000000
000000000000000000000000000000